# Created by Octave 3.6.4, Fri Mar 14 11:36:52 2014 CST <dj@dj-Rev-1-0>
# name: v
# type: matrix
# rows: 3
# columns: 2
 1 2
 3 4
 5 6


# name: v1
# type: matrix
# rows: 1
# columns: 6
 1 3 5 2 4 6


